     1  -0.75061676219554629E+00        17411        17411
     2   0.78190398066273439E-01        17411        17413
     3   0.17414681333628612E+00        17413        17413
     4   0.12540051403887799E-02        17411        18435
     5   0.90542566153215698E+00         1031        50177
     6  -0.24601025557834850E-01        17411        17414
     7   0.62405132310567366E-01        17411        33795
     8  -0.17181363677292332E-02        17411        17442
     9  -0.11648676656173678E-01        17413        17414
    10  -0.54680227414370688E-01        17411        18437
    11   0.60769813145172755E-01        17411        17425
    12   0.54069054432212332E-02         1031        50178
    13  -0.48364311919691906E-01        17413        17425
    14   0.82709245167286879E-01        17411        17417
    15   0.30617244475271274E-02        17411        17538
    16   0.27941442694023944E+00        50177        50177
    17   0.30623263081727865E-02        17411      1049603
    18   0.23067547318970454E-02        17411        17426
    19  -0.81752829608190858E-01        17411        33809
    20   0.26283621498742670E-02        17411        17418
    21  -0.89567430950478255E-01         1043        50177
    22  -0.35028473793627002E-01        17411       132099
    23  -0.20350600891396241E-02        17411        17428
    24  -0.32265620525737063E-02         1031        50192
    25   0.16709609807517187E-02         3075         3075
    26   0.22208978410633707E-02        17411        17441
    27   0.76426417784315639E-03        17411        24579
    28   0.16118983017983313E-01        17411        17537
    29   0.53032435869632161E-01        17411        66563
    30   0.58275503265946171E+00        17411        33797
    31   0.73801146777109140E-03      4211713      4211714
    32   0.63103924539804391E-03         1031        50180
    33   0.31390252127503226E+00         1031         1031
    34   0.31083143419244497E-01        17413        17417
    35   0.44322609839094557E-01         1031        82945
    36   0.36495929453199211E-01         1045        50177
    37   0.42221644105575268E-02         1283        50177
    38   0.23860693773980975E-01        17411        33826
    39  -0.41827831356360028E-01        16391        19457
    40   0.66771411284894002E-04        17413        17428
